# All non-antichain non-chain iso classes on n=5 (count=61)
# Format: Class <id> | edges = <canonical-direct-edges>
Class   1 | |E|= 1 | edges = [(0, 1)]
Class   2 | |E|= 2 | edges = [(0, 1), (0, 2)]
Class   3 | |E|= 2 | edges = [(0, 1), (2, 1)]
Class   4 | |E|= 2 | edges = [(0, 1), (2, 3)]
Class   5 | |E|= 3 | edges = [(0, 1), (0, 2), (0, 3)]
Class   6 | |E|= 3 | edges = [(0, 1), (0, 2), (1, 2)]
Class   7 | |E|= 3 | edges = [(0, 1), (0, 2), (3, 1)]
Class   8 | |E|= 3 | edges = [(0, 1), (0, 2), (3, 4)]
Class   9 | |E|= 3 | edges = [(0, 1), (2, 1), (3, 1)]
Class  10 | |E|= 3 | edges = [(0, 1), (2, 1), (3, 4)]
Class  11 | |E|= 4 | edges = [(0, 1), (0, 2), (0, 3), (0, 4)]
Class  12 | |E|= 4 | edges = [(0, 1), (0, 2), (0, 3), (1, 2)]
Class  13 | |E|= 4 | edges = [(0, 1), (0, 2), (0, 3), (4, 1)]
Class  14 | |E|= 4 | edges = [(0, 1), (0, 2), (1, 2), (3, 2)]
Class  15 | |E|= 4 | edges = [(0, 1), (0, 2), (1, 2), (3, 4)]
Class  16 | |E|= 4 | edges = [(0, 1), (0, 2), (3, 1), (3, 2)]
Class  17 | |E|= 4 | edges = [(0, 1), (0, 2), (3, 1), (3, 4)]
Class  18 | |E|= 4 | edges = [(0, 1), (0, 2), (3, 1), (4, 1)]
Class  19 | |E|= 4 | edges = [(0, 1), (0, 2), (3, 1), (4, 2)]
Class  20 | |E|= 4 | edges = [(0, 1), (2, 1), (3, 1), (4, 1)]
Class  21 | |E|= 5 | edges = [(0, 1), (0, 2), (0, 3), (0, 4), (1, 2)]
Class  22 | |E|= 5 | edges = [(0, 1), (0, 2), (0, 3), (1, 2), (1, 3)]
Class  23 | |E|= 5 | edges = [(0, 1), (0, 2), (0, 3), (1, 2), (3, 2)]
Class  24 | |E|= 5 | edges = [(0, 1), (0, 2), (0, 3), (1, 2), (4, 2)]
Class  25 | |E|= 5 | edges = [(0, 1), (0, 2), (0, 3), (1, 2), (4, 3)]
Class  26 | |E|= 5 | edges = [(0, 1), (0, 2), (0, 3), (4, 1), (4, 2)]
Class  27 | |E|= 5 | edges = [(0, 1), (0, 2), (1, 2), (3, 1), (3, 2)]
Class  28 | |E|= 5 | edges = [(0, 1), (0, 2), (1, 2), (3, 2), (3, 4)]
Class  29 | |E|= 5 | edges = [(0, 1), (0, 2), (1, 2), (3, 2), (4, 2)]
Class  30 | |E|= 5 | edges = [(0, 1), (0, 2), (3, 1), (3, 2), (4, 1)]
Class  31 | |E|= 6 | edges = [(0, 1), (0, 2), (0, 3), (0, 4), (1, 2), (1, 3)]
Class  32 | |E|= 6 | edges = [(0, 1), (0, 2), (0, 3), (0, 4), (1, 2), (3, 2)]
Class  33 | |E|= 6 | edges = [(0, 1), (0, 2), (0, 3), (0, 4), (1, 2), (3, 4)]
Class  34 | |E|= 6 | edges = [(0, 1), (0, 2), (0, 3), (1, 2), (1, 3), (2, 3)]
Class  35 | |E|= 6 | edges = [(0, 1), (0, 2), (0, 3), (1, 2), (1, 3), (4, 2)]
Class  36 | |E|= 6 | edges = [(0, 1), (0, 2), (0, 3), (1, 2), (3, 2), (4, 2)]
Class  37 | |E|= 6 | edges = [(0, 1), (0, 2), (0, 3), (1, 2), (4, 1), (4, 2)]
Class  38 | |E|= 6 | edges = [(0, 1), (0, 2), (0, 3), (1, 2), (4, 2), (4, 3)]
Class  39 | |E|= 6 | edges = [(0, 1), (0, 2), (0, 3), (4, 1), (4, 2), (4, 3)]
Class  40 | |E|= 6 | edges = [(0, 1), (0, 2), (1, 2), (3, 1), (3, 2), (4, 2)]
Class  41 | |E|= 6 | edges = [(0, 1), (0, 2), (1, 2), (3, 2), (3, 4), (4, 2)]
Class  42 | |E|= 6 | edges = [(0, 1), (0, 2), (3, 1), (3, 2), (4, 1), (4, 2)]
Class  43 | |E|= 7 | edges = [(0, 1), (0, 2), (0, 3), (0, 4), (1, 2), (1, 3), (1, 4)]
Class  44 | |E|= 7 | edges = [(0, 1), (0, 2), (0, 3), (0, 4), (1, 2), (1, 3), (2, 3)]
Class  45 | |E|= 7 | edges = [(0, 1), (0, 2), (0, 3), (0, 4), (1, 2), (1, 3), (4, 2)]
Class  46 | |E|= 7 | edges = [(0, 1), (0, 2), (0, 3), (0, 4), (1, 2), (3, 2), (4, 2)]
Class  47 | |E|= 7 | edges = [(0, 1), (0, 2), (0, 3), (1, 2), (1, 3), (2, 3), (4, 3)]
Class  48 | |E|= 7 | edges = [(0, 1), (0, 2), (0, 3), (1, 2), (1, 3), (4, 2), (4, 3)]
Class  49 | |E|= 7 | edges = [(0, 1), (0, 2), (0, 3), (1, 2), (3, 2), (4, 1), (4, 2)]
Class  50 | |E|= 7 | edges = [(0, 1), (0, 2), (0, 3), (1, 2), (4, 1), (4, 2), (4, 3)]
Class  51 | |E|= 7 | edges = [(0, 1), (0, 2), (1, 2), (3, 1), (3, 2), (4, 1), (4, 2)]
Class  52 | |E|= 8 | edges = [(0, 1), (0, 2), (0, 3), (0, 4), (1, 2), (1, 3), (1, 4), (2, 3)]
Class  53 | |E|= 8 | edges = [(0, 1), (0, 2), (0, 3), (0, 4), (1, 2), (1, 3), (2, 3), (4, 3)]
Class  54 | |E|= 8 | edges = [(0, 1), (0, 2), (0, 3), (0, 4), (1, 2), (1, 3), (4, 2), (4, 3)]
Class  55 | |E|= 8 | edges = [(0, 1), (0, 2), (0, 3), (1, 2), (1, 3), (2, 3), (4, 2), (4, 3)]
Class  56 | |E|= 8 | edges = [(0, 1), (0, 2), (0, 3), (1, 2), (1, 3), (4, 1), (4, 2), (4, 3)]
Class  57 | |E|= 8 | edges = [(0, 1), (0, 2), (0, 3), (1, 2), (3, 2), (4, 1), (4, 2), (4, 3)]
Class  58 | |E|= 9 | edges = [(0, 1), (0, 2), (0, 3), (0, 4), (1, 2), (1, 3), (1, 4), (2, 3), (2, 4)]
Class  59 | |E|= 9 | edges = [(0, 1), (0, 2), (0, 3), (0, 4), (1, 2), (1, 3), (1, 4), (2, 3), (4, 3)]
Class  60 | |E|= 9 | edges = [(0, 1), (0, 2), (0, 3), (0, 4), (1, 2), (1, 3), (2, 3), (4, 2), (4, 3)]
Class  61 | |E|= 9 | edges = [(0, 1), (0, 2), (0, 3), (1, 2), (1, 3), (2, 3), (4, 1), (4, 2), (4, 3)]
